Date,Close,High,Low,Open,Volume
2024-01-02,2255.773193359375,2268.4884763429263,2228.7706862615532,2252.582338892553,9069
2024-01-03,2261.0595703125,2275.870467219714,2239.5816420953033,2255.7735685776975,5665
2024-01-04,2283.20458984375,2305.540111505488,2265.9650886419395,2271.6322168476845,8087
2024-01-05,2295.34814453125,2311.778186067272,2280.108685715229,2294.633794899249,5602
2024-01-08,2274.1083984375,2325.2081171948576,2269.7269608910788,2304.920540571487,9008
2024-01-09,2213.055419921875,2285.919090945771,2204.006990186881,2285.442857801824,23304
2024-01-10,2209.4833984375,2229.866081466576,2204.9591841288125,2213.0551465759377,6805
2024-01-11,2215.53173828125,2228.7709255512295,2209.721601401219,2228.7709255512295,3535
2024-01-12,2228.675537109375,2234.295227131977,2215.5316897622674,2226.627827822371,3012
2024-01-15,2248.91552734375,2272.5367361594595,2234.390417456424,2234.390417456424,10078
2024-01-16,2286.537841796875,2359.2587276476033,2238.2955227984935,2247.820184597636,44247
2024-01-17,2328.636962890625,2343.0667320677453,2285.918762992922,2288.7761614466635,27630
2024-01-18,2337.304443359375,2350.6866403107474,2307.4447667650156,2350.6866403107474,19680
2024-01-19,2342.304931640625,2355.449012263917,2330.351433817709,2333.542288736998,12137
2024-01-23,2300.1103515625,2342.1142006767473,2287.2046216011377,2331.446626587063,13667
2024-01-24,2331.7802734375,2342.1146257806686,2262.0597869608514,2283.633288122758,10387
2024-01-25,2333.11328125,2343.4473984683978,2313.159163821771,2343.4473984683978,9111
2024-01-29,2332.63720703125,2352.5913258179967,2326.208060695513,2352.4959861913453,4590
2024-01-30,2335.78076171875,2375.450889044768,2328.1133617004566,2341.9717925041514,14580
2024-01-31,2333.447021484375,2354.830075271013,2328.780029776408,2343.067023824116,5798
2024-02-01,2334.590087890625,2357.3539379539598,2333.4469423769942,2342.7334881931765,4744
2024-02-02,2292.72900390625,2345.876666311098,2285.91896334224,2343.0669374257964,6988
2024-02-05,2221.81787109375,2315.6357923368105,2150.097119311459,2315.6357923368105,17087
2024-02-06,2254.439453125,2270.6313758499186,2212.150053845945,2232.4850643349646,6318
2024-02-07,2231.43798828125,2274.727533055325,2221.6275393495425,2255.440091395377,3732
2024-02-08,2225.580078125,2269.917426738374,2210.6264051247736,2242.629362817236,8222
2024-02-09,2229.1044921875,2285.9190112657175,2200.197048343253,2228.7710359840744,5989
2024-02-12,2215.53173828125,2247.772579883726,2191.0057334381117,2219.246263476224,3635
2024-02-13,2123.237548828125,2206.006998880057,2094.473116877015,2206.006998880057,10558
2024-02-14,2104.712158203125,2126.8569970664457,2097.3782150652064,2126.809327249924,5620
2024-02-15,2129.1904296875,2143.0488588149738,2104.7120958961723,2123.8567587158595,4449
2024-02-16,2129.809814453125,2165.860521475447,2119.2373463626095,2139.8581470781055,4980
2024-02-19,2128.33349609375,2147.7637144941004,2117.4278040863055,2147.7637144941004,3753
2024-02-20,2124.951904296875,2137.3339638019665,2113.0460778496717,2128.3332055150154,5485
2024-02-21,2191.29150390625,2212.5792187627007,2129.2384173672053,2133.4291760802344,12083
2024-02-22,2313.540283203125,2352.5913954350426,2157.335834275454,2157.335834275454,34131
2024-02-23,2357.925537109375,2427.83646671449,2328.017957393823,2333.542308140644,60477
2024-02-26,2409.12060546875,2468.792523091696,2355.639485942852,2462.125259333346,39132
2024-02-27,2359.4970703125,2403.3581886080733,2340.6381916357395,2390.690340694066,20421
2024-02-28,2396.357177734375,2420.1211618100506,2286.8712396525643,2376.117271927371,28409
2024-02-29,2392.499755859375,2447.8381351189487,2363.5448763804166,2420.3119549406433,25588
2024-03-01,2406.02490234375,2433.5510818403104,2381.165442113807,2410.691893596018,12570
2024-03-04,2363.068603515625,2403.0721832607505,2337.399686352974,2394.1665314222623,10751
2024-03-05,2341.01904296875,2374.92669872304,2328.7797598058037,2374.92669872304,6438
2024-03-06,2311.445068359375,2364.2592737319565,2266.8696027725073,2341.019190986719,10976
2024-03-07,2319.635986328125,2362.354186494614,2291.3001181502336,2323.0172876934635,7897
2024-03-11,2241.153076171875,2303.968178569764,2230.0569374235547,2291.5861173754442,8546
2024-03-12,2211.388427734375,2281.91859724086,2197.815784213232,2256.773349722376,8189
2024-03-13,2111.18896484375,2233.485529750307,2088.2821066310357,2211.3883608075744,9542
2024-03-14,2143.572998046875,2162.0030807432604,2100.71201614499,2111.1891450543394,5812
2024-03-15,2102.664306640625,2154.3355938254545,2095.425471089863,2154.3355938254545,6806
2024-03-18,2101.044921875,2138.4768869120535,2096.473270525839,2113.188864909516,6195
2024-03-19,2069.42333984375,2119.1897005639757,2053.517200245096,2109.712708044011,7720
2024-03-20,2079.567138671875,2110.617396790985,2069.042340817259,2079.805255218198,4416
2024-03-21,2079.662353515625,2133.524365591607,2067.185185363274,2079.5672464135823,5592
2024-03-22,2112.189208984375,2114.4750349267724,2082.091183040506,2090.711048946785,4122
2024-03-26,2089.47265625,2112.141397557707,2076.3762464387464,2095.8541330690737,8334
2024-03-27,2079.710205078125,2093.235180284793,2063.042044515328,2085.9012361443065,9775
2024-03-28,2107.6650390625,2151.5735937647346,2073.090467602673,2079.757731367654,8286
2024-04-01,2172.194580078125,2182.957262463061,2117.3324321419477,2117.3324321419477,9667
2024-04-02,2184.57666015625,2209.7216758673558,2167.336928205245,2200.101673833135,8326
2024-04-03,2203.0068359375,2209.7217697190044,2179.338188399653,2184.5290831187904,4077
2024-04-04,2204.054443359375,2233.5332255649164,2192.624849028126,2233.5332255649164,5069
2024-04-05,2340.637939453125,2379.736722180193,2190.81496462942,2215.0554146481572,14733
2024-04-08,2394.881103515625,2456.315178116396,2362.116356742831,2388.7854123834763,39484
2024-04-09,2358.54443359375,2405.5487336944893,2344.066993825018,2394.8809261995034,10961
2024-04-10,2367.545166015625,2375.641128644439,2318.3980500491793,2368.7834185718757,6703
2024-04-12,2401.786376953125,2425.931488908842,2366.8785826220937,2368.7358452642948,14703
2024-04-15,2309.01611328125,2357.7346648763746,2288.776207162976,2296.3959365251494,12140
2024-04-16,2311.587890625,2330.9706715894404,2304.0158305373607,2309.730627967383,2699
2024-04-18,2302.444091796875,2364.5925067639114,2291.6335082097944,2311.6352969348177,7010
2024-04-19,2307.778076171875,2333.9232284792115,2270.7272317040747,2285.9190220308465,3849
2024-04-22,2340.59033203125,2366.1641423534425,2301.158324615444,2333.542175210198,3395
2024-04-23,2353.1630859375,2383.070431593096,2309.730534217929,2309.730534217929,6835
2024-04-24,2360.687255859375,2386.880073909055,2337.399505955066,2353.1628665975536,3759
2024-04-25,2360.16357421875,2383.022763022972,2345.305241017422,2364.0211088366013,3905
2024-04-26,2356.639404296875,2399.262265100062,2340.20936298168,2370.7359500193675,8165
2024-04-29,2334.3994140625,2370.8789175532143,2327.8274900222996,2359.496992494984,2863
2024-04-30,2309.587646484375,2346.1145839679675,2292.109799544632,2346.1145839679675,3099
2024-05-02,2287.0615234375,2329.446264343104,2274.58435720916,2321.1598558866694,6251
2024-05-03,2264.964599609375,2313.3499285640137,2257.2972002734496,2287.0617687081817,4175
2024-05-06,2268.822265625,2290.6813194426863,2230.675946001984,2276.298986127538,3290
2024-05-07,2265.536376953125,2293.681569378433,2228.7710856877516,2276.3943994844985,5173
2024-05-08,2222.294189453125,2276.77521199147,2201.625718507695,2276.77521199147,4395
2024-05-09,2211.721923828125,2309.7306057980163,2201.8161355230764,2238.105191869688,9658
2024-05-10,2285.63330078125,2298.3011488964835,2213.4839795923112,2266.869761447837,6568
2024-05-13,2259.059326171875,2317.112093180028,2229.2947581267094,2285.6330395083232,6750
2024-05-14,2344.30517578125,2367.831045128768,2238.343307812394,2270.3937034017276,10539
2024-05-15,2679.19189453125,2759.1990497638653,2344.3526112499594,2344.3526112499594,234968
2024-05-16,2701.003662109375,2779.677229707202,2663.2382382383494,2704.0515074034665,129642
2024-05-17,2699.384521484375,2747.864957530163,2657.3806695005733,2675.0012940115985,31529
2024-05-21,2419.07373046875,2560.4672930584297,2395.547861551898,2547.8471157560866,111061
2024-05-22,2450.505126953125,2512.5582079092505,2424.8836462221307,2424.9789858580066,42591
2024-05-23,2453.6484375,2499.2714785646986,2428.788974977127,2438.313637624096,15423
2024-05-24,2429.503173828125,2521.1780461131225,2414.549500907997,2457.315140523292,14451
2024-05-27,2423.407470703125,2468.792392151038,2369.9263540137763,2427.884015339161,37733
2024-05-28,2445.12353515625,2466.88748104383,2394.5477189852245,2423.4074916219497,12641
2024-05-29,2495.509033203125,2505.938491249077,2423.4073906994086,2437.7894903333986,14646
2024-05-30,2486.031982421875,2511.6532287528635,2460.2200568330095,2508.0338108884043,10542
2024-05-31,2542.418212890625,2557.467226178892,2466.9352624220037,2499.271445169243,16340
2024-06-03,2520.273193359375,2578.4213004153794,2497.366335120865,2578.4213004153794,12110
2024-06-04,2342.68603515625,2552.6094994879163,2253.5827727248206,2552.6094994879163,11513
2024-06-05,2382.4990234375,2475.459823961856,2337.161768722456,2475.459823961856,5134
2024-06-06,2452.600341796875,2471.887781377996,2362.163727156977,2403.9768982222704,6639
2024-06-07,2450.838134765625,2487.746197384,2440.2659002208643,2462.26772835067,5289
2024-06-10,2441.361572265625,2499.890579860224,2428.836733442029,2499.890579860224,6552
2024-06-11,2585.279052734375,2610.9479703129396,2434.265490242515,2441.361316924189,22520
2024-06-12,2671.85791015625,2730.434576466958,2566.9915299897034,2585.278832964936,30638
2024-06-13,2976.6474609375,3036.462387601918,2671.810592864489,2671.858262683857,200369
2024-06-14,3189.094970703125,3309.7723923623676,2969.599180280962,2973.789938568437,248101
2024-06-18,3372.58740234375,3400.2565913683693,3115.659650395706,3207.382189998661,132100
2024-06-19,3511.981201171875,3600.322446384077,3385.969869041291,3386.017538861215,87346
2024-06-20,3664.566162109375,3695.5689845045626,3426.0687103504747,3511.600224591767,41108
2024-06-21,3633.9443359375,3815.579593598938,3319.344703867274,3664.6137010414163,57705
2024-06-24,3555.556396484375,3600.3223087894285,3415.115298962149,3571.748322211735,17667
2024-06-25,3619.609619140625,3670.804676578638,3539.983353069272,3540.031022885655,12975
2024-06-26,3584.558837890625,3704.998141164166,3558.413687470285,3558.413687470285,8233
2024-06-27,3536.697509765625,3599.846066447515,3501.2658130072937,3575.9867412091917,7891
2024-06-28,3558.556396484375,3643.1831089041752,3497.503454363759,3584.701778941531,9250
2024-07-01,3551.0322265625,3666.0425239828505,3522.982142560081,3559.366306085714,12447
2024-07-02,3579.891845703125,3609.846860877942,3552.6988894656265,3552.6988894656265,5588
2024-07-03,3589.84521484375,3657.422647241668,3531.840114548403,3628.610543832535,5992
2024-07-04,3902.968505859375,3981.261416232184,3590.369134729264,3666.994996658799,92959
2024-07-05,3961.021484375,4043.2191337390623,3935.304896245211,3935.304896245211,31050
2024-07-08,3913.112060546875,3981.261296504152,3774.004557443991,3981.261296504152,18847
2024-07-09,3872.7275390625,3995.5003382728064,3839.867455418216,3907.3972154584235,15604
2024-07-10,3923.351318359375,3981.3089835383253,3838.4390439376675,3871.775363177821,20594
2024-07-11,3967.593505859375,4000.35825186033,3923.4466021370627,3923.4466021370627,10110
2024-07-12,3860.44091796875,4000.3581122619175,3839.724777744537,3952.734801401657,11211
2024-07-15,3889.91943359375,3933.6852067598866,3871.917683804118,3895.5865606895727,9403
2024-07-16,3903.873291015625,3928.9229653479606,3861.345536851113,3890.0622989653816,8149
2024-07-18,3878.633056640625,4004.6918266034118,3817.008536138862,3924.1609903660915,32374
2024-07-19,3777.1474609375,3893.2532292528635,3737.4773370586845,3878.632780192753,7718
2024-07-22,3794.38720703125,3851.297062222996,3630.3725746426794,3715.2371731561516,12621
2024-07-23,3854.106689453125,3885.919199072048,3738.715505901129,3850.249154955122,21456
2024-07-24,3920.8271484375,3962.259428519373,3840.391423613278,3888.729083708797,8438
2024-07-25,3925.732421875,4014.645239226602,3843.2013144197717,3857.4883081536746,17284
2024-07-26,3803.76904296875,3992.4047845590094,3764.4798129042415,3952.734661035424,15336
2024-07-29,3765.67041015625,3866.8222727143884,3743.192115127468,3803.7690576384634,7202
2024-07-30,3791.910888671875,3808.102814795901,3762.2416582294863,3803.340483582952,3814
2024-07-31,3807.674072265625,3847.9157691208543,3774.6712115276255,3826.009046572445,7229
2024-08-01,3844.153564453125,3886.8717663290777,3790.863127330146,3815.1986851286074,6233
2024-08-02,3849.249267578125,3901.253781187767,3734.6198704553813,3809.864698245735,8172
2024-08-05,3759.907958984375,3849.2493342119515,3676.519497450858,3839.295876486932,20077
2024-08-06,3876.013427734375,3893.5863821486782,3759.9078940644445,3759.9078940644445,12304
2024-08-07,3652.660400390625,3944.8770925145886,3600.322426439342,3944.8770925145886,40855
2024-08-08,3711.570068359375,3738.38189695133,3642.754390346948,3647.945284257359,9869
2024-08-09,3716.189453125,3784.957695035352,3668.89960189368,3668.89960189368,6567
2024-08-12,3608.79931640625,3767.1945018156152,3582.701833918904,3723.5240633534745,5121
2024-08-13,3508.17138671875,3662.947155494097,3493.1700429759085,3662.8994856734857,6892
2024-08-14,3416.591552734375,3563.604569190714,3400.828190830853,3533.6495541137874,7550
2024-08-16,3478.59716796875,3496.837036053015,3415.734395898379,3462.976814589788,2853
2024-08-19,3461.880859375,3513.0284755944235,3449.832256078008,3513.0284755944235,2918
2024-08-20,3472.16796875,3505.647296227993,3426.544929385337,3466.9770743079703,2868
2024-08-21,3445.2607421875,3495.2652184139924,3438.4507017728374,3489.1695276597084,2782
2024-08-22,3457.78564453125,3480.3590461960393,3443.1651958444413,3479.358910212931,4178
2024-08-23,3502.408447265625,3569.8430965572466,3466.976753326675,3476.501414736913,5559
2024-08-26,3563.080810546875,3689.2825854464586,3543.1743594449185,3551.0798756250133,11830
2024-08-27,3560.46142578125,3615.180794896305,3539.6978486890785,3598.7030831603333,5652
2024-08-28,3489.693603515625,3596.0840383663444,3474.692259904288,3596.0840383663444,4959
2024-08-29,3748.572265625,4048.268452520529,3449.4980596172777,3506.441788441148,718038
2024-08-30,3680.670166015625,3748.5721587327407,3629.1338404969906,3730.4840110781515,62317
2024-09-02,3619.4677734375,3779.340927786676,3570.706761603466,3678.516937961761,55159
2024-09-03,3622.625732421875,3763.5015876299794,3606.691153550524,3651.24105654244,25097
2024-09-04,3590.038818359375,3660.0939126304615,3573.242764462704,3588.890420155269,13423
2024-09-05,3544.86669921875,3625.209946062762,3519.074586784962,3608.0311706411144,8131
2024-09-06,3516.968994140625,3583.1001385018894,3471.701078244967,3580.3248234936636,7284
2024-09-09,3402.937744140625,3512.3750613226816,3373.556743487964,3512.327162723639,10691
2024-09-10,3429.591552734375,3501.752081994929,3402.2201885863205,3446.818226593557,12593
2024-09-11,3509.695556640625,3588.890404908949,3429.591569533401,3429.591569533401,11685
2024-09-12,3515.294189453125,3562.332484497526,3497.971718943773,3562.332484497526,5889
2024-09-13,3526.34765625,3590.804216659513,3505.14937193909,3512.3271522229243,8446
2024-09-16,3577.501708984375,3588.842462333902,3542.5698428046007,3574.5347994919816,8214
2024-09-17,3599.17822265625,3630.042677267874,3545.823390265614,3593.771055076443,6019
2024-09-18,3605.2080078125,3635.7374093037015,3571.185279403794,3598.4608469940417,5114
2024-09-19,3613.390625,3655.8829935586864,3502.8049029016706,3636.742244901311,10891
2024-09-20,3697.41845703125,3730.532046854476,3591.091734624663,3591.091734624663,10591
2024-09-23,3742.01611328125,3753.931181796524,3700.8635064088476,3742.303271222328,8663
2024-09-24,3655.978759765625,3775.4647420552046,3629.564433381713,3742.0163307903754,11094
2024-09-25,3716.27197265625,3751.586558792363,3655.88282004766,3705.8401249420535,9357
2024-09-26,3785.704833984375,3832.934722338289,3646.312432486612,3646.312432486612,19375
2024-09-27,3866.14404296875,3971.7053177838047,3761.683501384592,3784.1259822932925,25457
2024-09-30,3879.925537109375,3904.712713077292,3786.0400717974917,3855.903804163826,7798
2024-10-01,3960.746826171875,4038.6977069875825,3821.737381638756,3821.737381638756,40576
2024-10-03,3829.68115234375,4046.115078141959,3804.2238627199545,3997.880484135708,24148
2024-10-04,3857.19580078125,3914.282988559583,3671.338949708715,3836.523699361425,12328
2024-10-07,3830.350830078125,3923.327153614286,3702.2991793171173,3872.6039377979637,14433
2024-10-08,4160.09765625,4253.073735931944,3769.7699023033133,3837.7195501996157,36774
2024-10-09,4149.71435546875,4306.668496219874,4085.54518179645,4209.91191721078,33371
2024-10-10,4105.9775390625,4249.3420278571175,4069.8975079815896,4182.062015489724,16542
2024-10-11,3975.72509765625,4143.972091734152,3934.5243557154927,4143.972091734152,14435
2024-10-14,3858.678955078125,3981.275538064297,3833.4132614703226,3981.275538064297,9050
2024-10-15,3881.839599609375,3922.7048173443623,3773.263516636976,3874.948743216276,11287
2024-10-16,3841.452392578125,3999.2201041467597,3829.1067033661225,3899.879573585024,16140
2024-10-17,3740.72412109375,3892.2231874763925,3713.3050931833754,3847.242429904326,5441
2024-10-18,3900.40576171875,3985.103568101307,3661.912098273575,3756.371639000391,11171
2024-10-21,3872.747802734375,3917.1542465420853,3811.497406502102,3907.5838721307928,8697
2024-10-22,3704.691650390625,3888.873445075339,3676.219788701366,3872.1731897392065,10926
2024-10-23,3677.99072265625,3743.834712386184,3616.0225476828136,3704.69197408759,4497
2024-10-24,3580.22900390625,3746.7535109995733,3564.964304153037,3714.405600247655,4618
2024-10-25,3463.7099609375,3629.3253416717466,3445.3348882637715,3607.744100016305,4488
2024-10-28,3659.567626953125,3698.9496232719066,3402.3159220764724,3402.3159220764724,7626
2024-10-29,3599.417724609375,3686.460230937587,3583.1480885236642,3679.0431909573363,2372
2024-10-30,3607.791748046875,3654.7823779699506,3590.3737140518497,3599.417670775064,3488
2024-10-31,3589.60791015625,3629.0378030109096,3565.2992544553044,3607.073842132615,3918
2024-11-01,3641.3359375,3828.053793600281,3508.499099968873,3508.499099968873,1567
2024-11-04,3585.54052734375,3641.335853066254,3534.865445040899,3641.335853066254,2461
2024-11-05,3599.991943359375,3613.7252897288695,3545.009958326387,3585.540585294941,2868
2024-11-06,3582.047607421875,3646.0733174756247,3546.015008302319,3595.8767514356814,4530
2024-11-07,3578.98486328125,3630.664883514177,3560.9927468622673,3582.0475699201265,2154
2024-11-08,3545.91943359375,3624.7792234363396,3521.8977009229648,3614.7782291409635,1925
2024-11-11,3450.646240234375,3535.6312079845775,3427.6294440611546,3532.472937837957,3405
2024-11-12,3404.22998046875,3487.396438291254,3383.1272587580356,3446.2917280870397,1802
2024-11-13,3251.822021484375,3397.1003588050035,3223.3980548383615,3383.1275180279863,6648
2024-11-14,3305.798583984375,3340.060570086956,3220.7659500630166,3296.2282098580513,4463
2024-11-18,2914.561767578125,3226.173255914442,2872.069398101228,3062.5677499605463,35856
2024-11-19,2927.577392578125,2968.1080197346837,2884.6065069846213,2885.4198485797,12867
2024-11-21,2811.77587890625,2947.675189595388,2767.5607977926607,2947.675189595388,11380
2024-11-22,2854.029052734375,2878.7685635379653,2816.6090297490955,2820.0542242750676,5760
2024-11-25,2903.0771484375,2942.842099038373,2871.1121928181415,2892.9326922139007,4180
2024-11-26,2919.729736328125,2942.507273097941,2883.7450367546594,2928.4386364463107,2767
2024-11-27,2938.822509765625,2952.4602923152174,2886.4726122529696,2919.7296609265363,5904
2024-11-28,3035.579345703125,3062.519856606017,2951.551410407153,2966.816111087079,14392
2024-11-29,3052.18359375,3086.4455790007214,2968.203562879515,3058.691494724436,6452
2024-12-02,3092.61865234375,3113.2428563301396,2994.6181099334876,3052.1838196723857,9241
2024-12-03,3108.93603515625,3176.4071727516066,3056.777496164095,3062.5197206402954,9870
2024-12-04,3082.18701171875,3132.2401171716397,3044.958114657602,3110.4196165431304,6153
2024-12-05,3045.67578125,3102.6674061411713,3025.195273994619,3081.6604815762967,4287
2024-12-06,3021.75,3061.7063141831836,2990.933440342357,3046.2502525766063,7426
2024-12-09,3035.579345703125,3110.228267207897,3008.829961909204,3051.9445459958297,6809
2024-12-10,3051.274658203125,3082.426274015101,3019.453162904684,3062.519848270995,3430
2024-12-11,3033.281982421875,3119.941761200277,3017.060246068673,3072.329153034721,8397
2024-12-12,3013.0888671875,3069.2190186421117,2994.043682259652,3060.270625267393,3914
2024-12-13,2974.854736328125,3006.7241260747955,2923.749036483332,3006.7241260747955,3295
2024-12-16,2934.03759765625,3013.2324475970654,2918.9642576373035,2981.171692636131,3657
2024-12-17,2922.265869140625,2956.815013531551,2904.6085754370915,2934.324634117129,2899
2024-12-18,2902.359619140625,2950.0201323565675,2892.167263443252,2946.7662983865152,1803
2024-12-19,2924.802001953125,2934.276578462038,2844.841482903638,2885.18051461653,2632
2024-12-20,2790.481689453125,2930.209144365294,2779.188601846322,2928.2950696404696,3961
2024-12-23,2761.914306640625,2842.9755662563384,2729.040210148655,2828.4763085762943,3963
2024-12-24,2783.016845703125,2828.045501862444,2749.4726382823337,2765.742273995248,5395
2024-12-26,2795.21923828125,2880.6827294432496,2775.982925694273,2821.107148078518,11023
2024-12-27,2758.325439453125,2807.900026927337,2739.041227971944,2799.334588336106,3787
2024-12-30,2713.6796875,2772.968110754006,2690.423630751581,2771.819712545186,4189
2024-12-31,2727.652587890625,2775.0736076283097,2695.7831933954585,2717.9864159787426,5367
2025-01-01,2739.51953125,2781.150657751092,2712.8182815065343,2727.556563864629,4313
2025-01-02,2760.813720703125,2819.3843645723246,2730.4756809627897,2765.838167200635,4909
2025-01-03,2733.39453125,2806.5120929999575,2724.733296304263,2760.8135584933084,4390
2025-01-06,2591.0830078125,2752.296147533408,2584.00102439152,2752.2482489322433,11267
2025-01-07,2661.42529296875,2715.976426424278,2591.274636341172,2629.890956412082,5601
2025-01-08,2605.247314453125,2674.4890678144916,2593.619402830286,2674.4890678144916,2419
2025-01-09,2581.4169921875,2640.0355321753586,2564.9080972521438,2605.2471296769836,2989
2025-01-10,2510.93115234375,2593.5235290391884,2493.1782949910494,2593.5235290391884,4970
2025-01-13,2428.578369140625,2512.1754516721003,2392.593666929318,2512.1754516721003,5162
2025-01-14,2482.07666015625,2517.008527553861,2398.862299483246,2461.7396140686,3142
2025-01-15,2484.421142578125,2513.132264009298,2430.9228464387206,2430.9228464387206,3185
2025-01-16,2564.1904296875,2578.25883316037,2466.2854539919354,2466.2854539919354,5027
2025-01-17,2531.79443359375,2564.285805188082,2516.2425765164035,2558.7828403760977,2000
2025-01-20,2546.102294921875,2562.2763677409557,2442.359530578972,2442.359530578972,1746
2025-01-21,2483.60791015625,2606.969940533589,2454.8009902601525,2606.969940533589,3897
2025-01-22,2435.6123046875,2483.8471302403054,2421.3525407694046,2469.1565125672537,3858
2025-01-23,2426.951171875,2459.586242325296,2371.9215185934027,2421.3047443902724,4756
2025-01-24,2355.79541015625,2430.8270473094462,2337.4680041328834,2392.6413492969937,4163
2025-01-27,2284.304931640625,2355.795582445543,2242.0994866229744,2355.795582445543,3865
2025-01-28,2285.979736328125,2316.0306186633165,2205.9713124045225,2316.0306186633165,3620
2025-01-29,2387.664794921875,2392.5934439557427,2280.428710033438,2285.979573553756,2635
2025-01-30,2317.896728515625,2420.3955294759876,2299.760916169227,2420.3955294759876,3778
2025-01-31,2400.728271484375,2498.824603087783,2343.880344484155,2488.2971918913195,13325
2025-02-01,2366.56201171875,2424.510670136265,2340.195585930084,2424.510670136265,2861
2025-02-03,2322.011962890625,2364.9828481558734,2311.0060329274133,2364.935183207833,1879
2025-02-04,2329.668212890625,2363.834400195489,2310.91018701846,2318.0879672779565,4356
2025-02-05,2413.9833984375,2478.726885598728,2320.815713350161,2362.111784025996,11132
2025-02-06,2416.4716796875,2473.941825695609,2397.378829155706,2452.887001647136,4423
2025-02-07,2362.064208984375,2416.4716474844504,2349.8619815734405,2416.4716474844504,3219
2025-02-10,2285.1181640625,2390.5359743623467,2268.1786487326863,2355.364849745922,4866
2025-02-11,2231.189453125,2277.653436496236,2166.8763466636738,2252.962056094251,4833
2025-02-12,2176.01611328125,2246.597628784991,2039.1118524111052,2242.338858647654,15179
2025-02-13,2164.244140625,2230.3276154811088,2153.3340084429,2177.2599418700433,3572
2025-02-14,2079.594482421875,2193.721198453722,2038.4418720288402,2193.721198453722,6619
2025-02-17,2083.61376953125,2124.575014771593,2010.7354689139665,2090.0261066866497,8099
2025-02-18,2010.302978515625,2065.20206587185,1826.7616038903705,1826.7616038903705,8220
2025-02-19,2029.4361572265625,2086.3541592329348,1950.0200017896207,1980.6905102217938,5774
2025-02-20,2076.691650390625,2105.487138681682,2025.6864901116053,2063.279419655245,5819
2025-02-21,2047.31884765625,2132.5037157668257,2026.7438380687413,2097.4587850573835,3237
2025-02-24,2035.82958984375,2047.3670314085928,1990.2086699354033,2047.318911789436,5081
2025-02-25,2014.8221435546875,2047.5115640970303,2004.6306420818917,2019.052445262337,4197
2025-02-27,1937.761474609375,2004.6306147227176,1922.907064482223,2004.6306147227176,4677
2025-02-28,1869.7867431640625,1960.2594964139134,1842.5775614544732,1938.3384264579452,6052
2025-03-03,1825.6558837890625,1893.4383528950868,1780.6118125440723,1846.0387676129494,7514
2025-03-04,1847.865478515625,1899.8320863248855,1823.8291413910692,1825.8482876014739,7487
2025-03-05,1977.1810302734375,1987.5166555403337,1843.2986285603868,1843.2986285603868,12159
2025-03-06,1990.064697265625,2039.2429517866374,1972.037443448558,1981.0750128035672,6124
2025-03-07,2001.3616943359375,2037.1758371186716,1983.0459582621518,1990.0646157400417,5899
2025-03-10,1889.30419921875,2016.3120625106237,1874.8342774646549,2006.3611598758382,9335
2025-03-11,1857.3358154296875,1911.080969212581,1850.1729168322456,1884.4487556828285,2911
2025-03-12,1805.6578369140625,1882.622121058052,1793.639667869255,1864.6909893702125,7106
2025-03-13,1849.259765625,1999.8233667859975,1805.6578709808018,1805.6578709808018,68364
2025-03-17,1836.6165771484375,1883.6316775079877,1812.8687222723624,1817.1471434684188,14636
2025-03-18,1836.6165771484375,1836.6165771484375,1836.6165771484375,1836.6165771484375,0
2025-03-19,1977.1329345703125,2011.2645347018095,1933.5791603144323,1933.5791603144323,16177
2025-03-20,2001.457763671875,2033.4742131223272,1978.7194816109402,2006.7938777019278,9978
2025-03-21,2019.196533203125,2066.307756081328,2001.4577625551624,2001.4577625551624,9783
2025-03-24,2029.96484375,2089.1421160526847,2019.0522531564773,2028.6667876953177,13987
2025-03-25,1969.34521484375,2065.2020800880873,1951.79868879086,2043.0886499940343,13287
2025-03-26,1939.6363525390625,1995.0160517557788,1927.7143054314874,1951.7506434044487,7665
2025-03-27,1978.863525390625,2009.4377933065232,1913.2924443444886,1929.9256366608918,14356
2025-03-28,1947.1356201171875,2025.830684554817,1937.3288411674243,1970.4027483356078,8294
2025-04-01,1936.8480224609375,1973.62361782412,1913.2924123590299,1973.62361782412,7040
2025-04-02,1948.2412109375,1962.3265277132775,1905.7450146081508,1929.6371098091856,4443
2025-04-03,1967.3260498046875,1980.594154680068,1939.3958968287616,1948.2412218357313,6323
2025-04-04,1879.689697265625,1983.0940673193834,1873.8728566906243,1971.1719031756902,8367
2025-04-07,1851.374755859375,1863.296802215472,1745.0380268426636,1826.8576926723292,6731
2025-04-08,1847.625244140625,1903.6780331745156,1838.3473112547279,1874.8344266112654,5394
2025-04-09,1850.076904296875,1860.4125294605446,1804.1674995001097,1847.6251509167303,7228
2025-04-11,1878.3916015625,1904.5432064235042,1858.4895616352937,1858.5376812548707,3911
2025-04-15,1964.6341552734375,1980.4980210614403,1894.0634431080007,1902.7165248277836,7838
2025-04-16,1991.7471923828125,2044.2424133799993,1961.269045587063,1992.1316798962532,13738
2025-04-17,2017.5140380859375,2037.3200751339784,1999.82338663458,2011.6493122611337,6042
2025-04-21,2032.7049560546875,2055.2991134525287,1997.8041468303484,2047.895968400059,9249
2025-04-22,2058.568115234375,2074.816584959588,2025.878697306374,2041.8386840450758,5423
2025-04-23,2067.02880859375,2147.8871427289832,2028.6669074118865,2067.1250478367565,11948
2025-04-24,2101.44873046875,2145.867832315644,2055.2989654891526,2058.0873212945758,9189
2025-04-25,2001.7462158203125,2098.66077696162,1966.1724358081358,2069.913176059809,14827
2025-04-28,1993.4775390625,2067.124969061468,1977.2290692441436,2001.7461328306867,6983
2025-04-29,1974.24853515625,2045.396094594044,1965.210966092582,2003.4768625740164,8945
2025-04-30,1948.8662109375,1988.6702912600686,1939.828524720157,1983.4785363414221,3810
2025-05-02,1979.0557861328125,2023.763373783974,1933.67522797911,1953.7696295576718,8324
2025-05-05,2022.3211669921875,2088.7576967152095,1971.652615265251,2003.1883365275667,24273
2025-05-06,1942.232177734375,2102.6987891889007,1922.90698599808,2035.0125571737108,13267
2025-05-07,1953.4813232421875,1965.5956142102543,1907.5237977023771,1942.2322465565355,8003
2025-05-08,1961.94189453125,2025.109456870658,1942.135976854138,1980.4018712648574,10241
2025-05-09,1966.3646240234375,1999.8232523060676,1903.101055018481,1928.1949675479898,8589
2025-05-12,2072.605224609375,2091.1613237615984,1993.4775560792298,1993.5737953193902,13825
2025-05-13,2149.040771484375,2195.9597482529125,2072.6052198267103,2086.354051536261,19587
2025-05-14,2164.135498046875,2192.1138876096215,2117.216757008232,2166.2508834416053,16480
2025-05-15,2211.919921875,2243.359403041282,2143.3682432958944,2165.0969506334254,20684
2025-05-16,2288.06689453125,2303.065427036624,2202.6897839389367,2202.6897839389367,19367
2025-05-19,2239.80224609375,2353.6382505966753,2216.054156026467,2317.1030163145374,26545
2025-05-20,2687.7431640625,2687.7431640625,2687.7431640625,2687.7431640625,19016
2025-05-21,2955.12353515625,3075.4012256894207,2598.4242910421626,2755.525697118527,528488
2025-05-22,2911.665771484375,3009.3495438607465,2848.402317100204,2883.3991316416545,90990
2025-05-23,2824.942626953125,2908.396837704978,2796.0990219510923,2908.396837704978,40597
2025-05-26,2787.63818359375,2880.51468557189,2777.639161087179,2825.7118360800346,18378
2025-05-27,2788.7919921875,2835.7107331207226,2769.082196312488,2816.577903212041,10493
2025-05-28,2764.27490234375,2799.367953197109,2745.526560107024,2769.9473837952314,6571
2025-05-29,2796.483642578125,2843.690866878251,2754.5641776063812,2759.5636886791035,12016
2025-05-30,2790.618896484375,2830.519218346253,2768.986191860465,2830.519218346253,7422
2025-06-02,2897.243896484375,2978.4867176122702,2778.6968671668487,2804.5598725452055,35970
2025-06-03,2849.65185546875,2908.8774833127873,2841.575740185405,2897.2438023945415,6250
2025-06-04,2804.271484375,2860.612755534204,2789.176710790326,2847.8253765463446,9402
2025-06-05,2794.9453125,2823.788917376161,2767.351644114444,2823.788917376161,6566
2025-06-06,2808.1171875,2857.151315947545,2783.0233920147593,2794.9453215100625,6103
2025-06-09,2815.712890625,2877.053437810571,2777.6392370968356,2854.267036186383,12332
2025-06-10,2845.99853515625,2860.3240980917262,2816.2894818373184,2855.5168306999753,5415
2025-06-11,2859.939697265625,2918.0113952259535,2826.7695512572905,2917.0499417184656,13482
2025-06-12,2779.36962890625,2874.457279464248,2760.3328040016495,2859.9394734751154,6945
2025-06-13,2767.736083984375,2806.19422315734,2697.934702223356,2711.2988116940196,7264
2025-06-16,2717.4521484375,2803.598478146286,2668.418018675682,2803.598478146286,7635
2025-06-17,2687.16650390625,2727.6437933212264,2673.6101493314764,2692.0700110325815,4117
2025-06-18,2683.0322265625,2753.602819454051,2668.033458095318,2737.2581099810345,7006
2025-06-19,2640.82421875,2696.877003413987,2621.7873929564016,2682.3589620170364,5758
2025-06-20,2641.689697265625,2664.5721024939307,2615.0572478667127,2643.99709174466,3736
2025-06-23,2608.038818359375,2655.534526645672,2593.1362893358387,2641.1127243648302,4736
2025-06-24,2804.463623046875,2875.6111821176255,2629.575325114906,2629.575325114906,30581
2025-06-25,2829.46142578125,2858.881996924205,2754.564291638758,2787.4459545615628,13261
2025-06-26,2790.234375,2845.7101965699067,2764.1788905226063,2816.0973809880743,10692
2025-06-27,2828.980712890625,2882.3413826759815,2791.1957777454236,2791.1957777454236,10174
2025-06-30,2835.5185546875,2927.0488789864453,2826.769468862295,2883.3989849107484,15631
2025-07-01,2834.55712890625,2860.4203685944535,2820.231565814203,2843.017966554175,3754
2025-07-02,2853.7861328125,2884.3603999984534,2788.118814093232,2821.8659246651537,8754
2025-07-03,2832.82666015625,2850.7097901686493,2817.058915748446,2845.902522394335,3662
2025-07-04,2887.244873046875,2977.1407756875287,2834.3649303170787,2834.3649303170787,43866
2025-07-07,2927.52978515625,2970.8914336296525,2856.093975037658,2886.2835222512026,20853
2025-07-08,2904.7431640625,2970.8912094585503,2884.360397532573,2970.8912094585503,7396
2025-07-09,2900.8974609375,2932.3369435248005,2882.6298443891155,2905.5124846956955,7774
2025-07-10,2998.100341796875,3130.492434991678,2900.7050603101634,2900.7050603101634,132226
2025-07-11,2991.081787109375,3071.8438797217786,2956.9501884458,2998.6771757369333,31332
2025-07-14,2861.3818359375,2990.2166040683105,2821.09679372137,2990.2166040683105,26374
2025-07-15,2910.12744140625,2934.45226140622,2877.6302668229205,2884.264201945706,10549
2025-07-16,2883.0146484375,2921.7610379057205,2872.053937359529,2909.7428687828565,2979
2025-07-17,2869.938720703125,2911.184982294653,2842.5372957315876,2874.745988241991,9746
2025-07-18,2876.76513671875,2904.743292978611,2855.516920288631,2876.76513671875,4479
2025-07-21,2877.630126953125,2924.741345202608,2822.7310419990354,2876.764912754765,7699
2025-07-22,2868.400146484375,2916.280575534903,2859.362577890715,2884.3603677445003,4223
2025-07-23,2814.655029296875,2882.3412595936625,2800.521710254574,2867.8234530558657,5129
2025-07-24,2794.753173828125,2910.319841431221,2788.3114821095496,2814.847458755443,12359
2025-07-25,2739.758056640625,2841.095164206326,2730.5280089157245,2841.095164206326,6568
2025-07-28,2681.109130859375,2761.005770116139,2659.3801894326666,2739.2770634192725,10446
2025-07-29,2757.06396484375,2784.7536359953665,2672.3598233054,2681.1091434582036,4708
2025-07-30,2719.375,2770.8127625241195,2711.2988844489046,2764.1788272307094,5740
2025-07-31,2771.58203125,2802.63702707228,2646.497068409667,2711.2989421419657,8195
2025-08-01,2760.909912109375,2825.71178288795,2750.718411310794,2773.793294872996,4170
2025-08-04,2793.406982421875,2820.808407931252,2735.623766308441,2802.3485471656445,5724
2025-08-05,2796.676025390625,2860.3242010013896,2742.161658152806,2792.9262158522356,13194
2025-08-06,2736.9697265625,2802.348566833191,2725.7207671677807,2788.3114860835803,3277
2025-08-07,2701.01123046875,2721.682479693019,2668.0333301091787,2717.740426646685,5108
2025-08-08,2696.30029296875,2798.0221274378537,2684.8590893982687,2739.1812160056106,6078
2025-08-11,2680.724609375,2736.777395530323,2668.129709327109,2736.777395530323,3354
2025-08-12,2756.102783203125,2804.463707981973,2657.842044645632,2730.5280254112004,13443
2025-08-13,2675.53271484375,2691.1082138299153,2571.5995027256545,2643.996994652471,34882
2025-08-14,2752.641357421875,2764.178799367059,2701.588082922492,2715.625397847742,23384
2025-08-18,2870.130859375,2885.129627439059,2815.232006929068,2819.0778208193547,40082
2025-08-19,3007.234375,3038.193131482424,2908.3969059285864,2922.914948012109,64475
2025-08-20,3063.86376953125,3092.034403549359,2994.639118705518,3027.6170201420805,66037
2025-08-21,2993.587646484375,3126.5962865646266,2977.8053749310093,3126.5962865646266,42375
2025-08-22,2886.386474609375,2978.6984355273958,2878.5450178737574,2949.2182126043285,26176
2025-08-25,2847.278076171875,2926.18991408565,2830.403846680879,2900.7792127419166,11591
2025-08-26,2777.498291015625,2853.829514361459,2761.5175475356878,2848.76714827918,9456
2025-08-28,2832.587646484375,2878.545157290062,2729.853362422471,2777.4982477845133,18589
2025-08-29,2773.130859375,2852.6381153465823,2759.4329065518523,2852.6381153465823,6871
2025-09-01,2776.7041015625,2827.32679196191,2767.572213722039,2803.1074056457633,6446
2025-09-02,2799.434814453125,2812.834938319669,2771.3441359548938,2797.0524248095344,4873
2025-09-03,2850.95068359375,2969.665949232497,2787.1263429217643,2828.8156162128116,24029
2025-09-04,2849.1640625,2906.3380221648804,2838.841100885095,2906.3380221648804,8784
2025-09-05,2840.13134765625,2876.559782284553,2828.914899762242,2876.559782284553,4094
2025-09-08,2829.709228515625,2947.2331833981084,2814.0260717827205,2903.360232791696,9591
2025-09-09,2851.84423828125,2884.302267647391,2828.9150404929615,2852.340539165547,4105
2025-09-10,2850.8515625,2870.3064112587144,2844.796594935007,2858.6930193345497,3372
2025-09-11,2845.888671875,2876.5599700672074,2824.4483764065694,2866.633952227086,6595
2025-09-12,2855.615966796875,2873.5821559665646,2843.704745424993,2864.450268048339,3414
2025-09-15,2877.7509765625,2909.3157610241174,2861.9687054988985,2873.582097633852,11358
2025-09-16,2867.824951171875,2897.9008329106164,2848.8664029919123,2897.9008329106164,7066
2025-09-17,2884.60009765625,2927.1826166100973,2870.802787667306,2910.8046874225533,6292
2025-09-18,2895.699951171875,2914.39990234375,2880.0,2885.0,4264
2025-09-19,2894.0,2919.800048828125,2882.0,2919.800048828125,4528
2025-09-22,2839.0,2896.10009765625,2830.0,2895.89990234375,5938
2025-09-23,2867.199951171875,2900.0,2814.300048828125,2835.0,7251
2025-09-24,2830.800048828125,2900.0,2820.0,2872.89990234375,4333
2025-09-25,2831.199951171875,2848.0,2818.0,2832.0,2740
2025-09-26,2769.300048828125,2848.0,2754.10009765625,2848.0,3791
2025-09-29,2717.60009765625,2771.699951171875,2701.0,2760.0,5231
2025-09-30,2754.199951171875,2759.39990234375,2711.699951171875,2717.60009765625,2632
2025-10-01,2739.89990234375,2758.60009765625,2725.800048828125,2758.60009765625,2848
2025-10-03,2755.60009765625,2780.0,2732.199951171875,2759.0,3201
2025-10-06,2741.89990234375,2783.0,2730.0,2769.0,3919
2025-10-07,2723.300048828125,2775.0,2713.10009765625,2741.89990234375,3325
2025-10-08,2704.89990234375,2734.199951171875,2700.0,2713.0,2116
2025-10-09,2698.300048828125,2727.699951171875,2684.300048828125,2715.699951171875,2307
2025-10-10,2710.0,2725.0,2691.0,2700.699951171875,2023
2025-10-13,2691.0,2746.60009765625,2675.800048828125,2710.0,3943
2025-10-14,2669.199951171875,2717.89990234375,2655.0,2690.0,3169
2025-10-15,2661.800048828125,2691.89990234375,2650.0,2667.800048828125,3696
2025-10-16,2635.60009765625,2704.0,2602.10009765625,2689.0,9017
2025-10-17,2659.800048828125,2670.0,2626.199951171875,2659.39990234375,4054
2025-10-20,2664.89990234375,2682.800048828125,2642.5,2682.699951171875,3836
2025-10-21,2639.800048828125,2700.0,2600.0,2678.0,2264
2025-10-23,2664.199951171875,2700.0,2640.0,2640.0,3472
2025-10-24,2676.199951171875,2700.0,2653.89990234375,2678.0,2012
2025-10-27,2679.10009765625,2691.699951171875,2670.0,2689.0,2002
2025-10-28,2668.60009765625,2699.0,2664.10009765625,2698.800048828125,2550
2025-10-29,2666.0,2695.300048828125,2644.699951171875,2695.300048828125,2766
2025-10-30,2669.5,2683.800048828125,2655.0,2666.0,1754
2025-10-31,2612.800048828125,2679.699951171875,2586.10009765625,2679.0,7922
2025-11-03,2622.800048828125,2640.0,2610.0,2613.199951171875,3151
2025-11-04,2594.199951171875,2639.89990234375,2574.199951171875,2628.0,3442
2025-11-06,2505.300048828125,2609.699951171875,2500.800048828125,2596.800048828125,9144
2025-11-07,2515.10009765625,2530.0,2450.0,2505.300048828125,4627
2025-11-10,2544.39990234375,2613.89990234375,2526.5,2599.800048828125,11016
2025-11-11,2535.300048828125,2600.0,2487.300048828125,2555.39990234375,3074
2025-11-12,2599.800048828125,2615.10009765625,2543.0,2560.699951171875,4011
2025-11-13,2578.5,2650.0,2511.0,2605.89990234375,8201
2025-11-14,2526.39990234375,2655.199951171875,2506.5,2650.0,11364
2025-11-17,2502.800048828125,2566.300048828125,2495.0,2545.0,5580
2025-11-18,2494.699951171875,2510.0,2480.0,2509.5,3074
2025-11-19,2476.0,2497.199951171875,2452.10009765625,2497.199951171875,2457
2025-11-20,2490.89990234375,2498.300048828125,2475.0,2476.0,3194
2025-11-21,2453.699951171875,2488.39990234375,2432.0,2482.5,3432
2025-11-24,2467.39990234375,2535.0,2452.0,2452.0,3148
2025-11-25,2437.699951171875,2469.0,2425.10009765625,2469.0,2590
2025-11-26,2424.5,2445.89990234375,2397.0,2440.10009765625,5749
2025-11-27,2422.5,2447.300048828125,2413.199951171875,2438.5,2110
2025-11-28,2408.10009765625,2425.10009765625,2401.0,2424.89990234375,1773
2025-12-01,2390.300048828125,2425.800048828125,2380.0,2410.0,3033
2025-12-02,2395.0,2419.89990234375,2380.10009765625,2405.0,2518
2025-12-03,2411.0,2489.0,2390.0,2395.0,6736
2025-12-04,2450.800048828125,2473.60009765625,2394.10009765625,2429.0,3570
2025-12-05,2415.89990234375,2448.60009765625,2408.0,2445.0,3598
2025-12-08,2329.10009765625,2415.89990234375,2315.0,2407.0,4156
2025-12-09,2319.60009765625,2379.89990234375,2251.699951171875,2312.0,4687
2025-12-10,2309.89990234375,2440.0,2300.0,2323.199951171875,11730
2025-12-11,2345.5,2355.0,2300.10009765625,2318.0,2722
2025-12-12,2349.89990234375,2556.5,2317.199951171875,2345.0,3747
2025-12-15,2332.60009765625,2372.800048828125,2319.89990234375,2348.0,3362
2025-12-16,2331.39990234375,2354.89990234375,2320.5,2321.5,1405
2025-12-17,2313.699951171875,2351.800048828125,2300.0,2320.0,2764
2025-12-18,2286.699951171875,2323.89990234375,2276.39990234375,2314.10009765625,1560
2025-12-19,2291.5,2320.0,2253.60009765625,2289.0,3350
2025-12-22,2315.300048828125,2328.60009765625,2279.300048828125,2294.0,3280
2025-12-23,2344.699951171875,2368.0,2309.5,2309.5,2720
2025-12-24,2352.39990234375,2364.0,2333.0,2333.0,1215
2025-12-25,2352.39990234375,2352.39990234375,2352.39990234375,2352.39990234375,0
2025-12-26,2327.300048828125,2392.0,2312.60009765625,2336.0,3137
2025-12-29,2261.39990234375,2341.0,2232.89990234375,2329.60009765625,4810
2025-12-30,2343.39990234375,2384.0,2263.0,2263.0,6979
2025-12-31,2349.89990234375,2370.0,2323.0,2323.0,2104
2026-01-01,2333.199951171875,2397.0,2327.0,2336.0,4175
2026-01-02,2347.39990234375,2367.300048828125,2335.0,2345.0,2462
